# Score Result
| ID | length | state | recall | prec | matched_brackets | gold_brackets | test_brackets | cross_brackets | words | correct_tags | tag_accracy |
|---:|-------:|------:|-------:|-----:|-----------------:|--------------:|--------------:|---------------:|------:|-------------:|------------:|
|   0|       5|      0|    1.00|  1.00|                 4|              4|              4|               0|      5|             5|         1.00|
|   1|       1|      0|    0.50|  1.00|                 1|              2|              1|               0|      1|             1|         1.00|
|   2|       6|      0|    0.17|  0.25|                 1|              6|              4|               2|      6|             6|         1.00|
|   3|      47|      0|    0.36|  0.34|                12|             33|             35|              15|     47|            44|         0.94|
|   4|      20|      0|    0.20|  0.17|                 2|             10|             12|               4|     20|            17|         0.85|
|   5|      20|      0|    0.50|  0.50|                 8|             16|             16|               4|     20|            18|         0.90|
|   6|       3|      0|    0.33|  0.50|                 1|              3|              2|               0|      3|             2|         0.67|
|   7|      31|      0|    0.30|  0.27|                 6|             20|             22|               9|     31|            29|         0.94|
|   8|      53|      0|    0.42|  0.38|                15|             36|             40|              18|     53|            44|         0.83|
|   9|       9|      0|    1.00|  1.00|                 5|              5|              5|               0|      9|             9|         1.00|
|  10|      44|      0|    0.38|  0.37|                10|             26|             27|              14|     44|            39|         0.89|
|  11|      15|      0|    0.36|  0.31|                 4|             11|             13|               4|     15|            15|         1.00|
|  12|      25|      0|    0.78|  0.82|                14|             18|             17|               1|     25|            23|         0.92|
|  13|      27|      0|    0.47|  0.47|                 8|             17|             17|               6|     27|            25|         0.93|
|  14|       3|      0|    0.75|  1.00|                 3|              4|              3|               0|      3|             3|         1.00|
|  15|      48|      0|    0.36|  0.30|                 9|             25|             30|              10|     48|            40|         0.83|
|  16|      55|      0|    0.38|  0.38|                15|             39|             39|              19|     55|            53|         0.96|
|  17|      22|      0|    0.69|  0.60|                 9|             13|             15|               2|     22|            20|         0.91|
|  18|       2|      0|    0.33|  1.00|                 1|              3|              1|               0|      2|             0|         0.00|
|  19|       2|      0|    1.00|  1.00|                 2|              2|              2|               0|      2|             1|         0.50|
|  20|       8|      0|    0.33|  0.17|                 1|              3|              6|               3|      8|             6|         0.75|
|  21|       1|      0|    0.50|  1.00|                 1|              2|              1|               0|      1|             1|         1.00|
|  22|      25|      0|    0.17|  0.04|                 1|              6|             23|              13|     25|             5|         0.20|
|  23|       5|      0|    0.25|  0.25|                 1|              4|              4|               3|      5|             0|         0.00|
|  24|       8|      0|    0.25|  0.17|                 1|              4|              6|               0|      8|             5|         0.62|
|  25|       5|      0|    1.00|  0.50|                 2|              2|              4|               0|      5|             3|         0.60|
|  26|       8|      0|    0.20|  0.17|                 1|              5|              6|               4|      8|             2|         0.25|
|  27|      10|      0|    1.00|  0.43|                 3|              3|              7|               0|     10|             8|         0.80|
|  28|       3|      0|    1.00|  0.67|                 2|              2|              3|               0|      3|             3|         1.00|
|  29|       8|      0|    0.20|  0.17|                 1|              5|              6|               4|      8|             2|         0.25|
|  30|       8|      0|    0.33|  0.17|                 1|              3|              6|               2|      8|             2|         0.25|
|  31|       4|      0|    1.00|  1.00|                 2|              2|              2|               0|      4|             2|         0.50|
|  32|       8|      0|    0.20|  0.17|                 1|              5|              6|               4|      8|             2|         0.25|
|  33|      10|      0|    0.50|  0.12|                 1|              2|              8|               0|     10|             6|         0.60|
|  34|       2|      0|    0.50|  1.00|                 1|              2|              1|               0|      2|             1|         0.50|
|  35|       8|      0|    0.20|  0.17|                 1|              5|              6|               4|      8|             2|         0.25|
|  36|      13|      0|    0.33|  0.10|                 1|              3|             10|               1|     13|             8|         0.62|
|  37|       8|      0|    0.20|  0.17|                 1|              5|              6|               4|      8|             2|         0.25|
|  38|      19|      0|    0.20|  0.08|                 1|              5|             13|               1|     19|            12|         0.63|
|  39|       5|      0|    0.25|  0.25|                 1|              4|              4|               3|      5|             0|         0.00|
|  40|      19|      0|    0.40|  0.13|                 2|              5|             15|               3|     19|            14|         0.74|
|  41|       5|      0|    0.25|  0.25|                 1|              4|              4|               3|      5|             0|         0.00|
|  42|       2|      0|    0.33|  1.00|                 1|              3|              1|               0|      2|             2|         1.00|
|  43|      29|      0|    0.43|  0.33|                 6|             14|             18|               5|     29|            24|         0.83|
|  44|      29|      0|    0.67|  0.53|                10|             15|             19|               2|     29|            26|         0.90|
|  45|      16|      0|    0.44|  0.36|                 4|              9|             11|               4|     16|            12|         0.75|
|  46|      16|      0|    0.50|  0.20|                 2|              4|             10|               2|     16|            12|         0.75|
|  47|      23|      0|    0.62|  0.59|                10|             16|             17|               4|     23|            21|         0.91|
|  48|      22|      0|    0.25|  0.14|                 2|              8|             14|               5|     22|            16|         0.73|
|  49|      22|      0|    0.40|  0.22|                 4|             10|             18|               6|     22|            17|         0.77|
|  50|       9|      0|    0.50|  0.43|                 3|              6|              7|               2|      9|             8|         0.89|
|  51|       4|      0|    0.75|  1.00|                 3|              4|              3|               0|      4|             4|         1.00|
|  52|       3|      0|    0.75|  1.00|                 3|              4|              3|               0|      3|             3|         1.00|
|  53|      32|      0|    0.62|  0.67|                16|             26|             24|               4|     32|            32|         1.00|
|  54|      49|      0|    0.44|  0.43|                15|             34|             35|              13|     49|            47|         0.96|
|  55|       5|      0|    0.33|  0.50|                 1|              3|              2|               0|      5|             4|         0.80|
|  56|      26|      0|    0.40|  0.40|                 8|             20|             20|               7|     26|            24|         0.92|
|  57|      38|      0|    0.61|  0.50|                14|             23|             28|               7|     38|            34|         0.89|
|  58|      30|      0|    0.60|  0.52|                12|             20|             23|               6|     30|            29|         0.97|
|  59|      35|      0|    0.44|  0.47|                 8|             18|             17|               6|     35|            32|         0.91|
|  60|      28|      0|    0.41|  0.45|                 9|             22|             20|               6|     28|            27|         0.96|
|  61|      43|      0|    0.45|  0.45|                13|             29|             29|               8|     43|            43|         1.00|
|  62|      41|      0|    0.21|  0.17|                 4|             19|             24|              12|     41|            35|         0.85|
|  63|      21|      0|    0.53|  0.50|                 8|             15|             16|               4|     21|            21|         1.00|
|  64|       3|      0|    0.75|  1.00|                 3|              4|              3|               0|      3|             2|         0.67|
|  65|      67|      0|    0.52|  0.51|                23|             44|             45|              12|     67|            64|         0.96|
|  66|       9|      0|    0.67|  0.50|                 4|              6|              8|               2|      9|             9|         1.00|
|  67|      59|      0|    0.44|  0.44|                19|             43|             43|              14|     59|            53|         0.90|
|  68|      26|      0|    0.47|  0.43|                 9|             19|             21|               8|     26|            25|         0.96|
|  69|      17|      0|    0.77|  0.77|                10|             13|             13|               2|     17|            17|         1.00|
|  70|      26|      0|    0.59|  0.62|                10|             17|             16|               2|     26|            25|         0.96|
|  71|      10|      0|    1.00|  1.00|                 5|              5|              5|               0|     10|            10|         1.00|
|  72|      18|      0|    0.67|  0.57|                 8|             12|             14|               2|     18|            15|         0.83|
|  73|      20|      0|    0.93|  0.93|                14|             15|             15|               0|     20|            20|         1.00|
|  74|       1|      0|    0.50|  0.50|                 1|              2|              2|               0|      1|             1|         1.00|
|  75|      30|      0|    0.48|  0.43|                10|             21|             23|               8|     30|            28|         0.93|
|  76|      33|      0|    0.79|  0.65|                15|             19|             23|               2|     33|            29|         0.88|
|  77|      23|      0|    0.77|  0.71|                10|             13|             14|               2|     23|            22|         0.96|
|  78|      27|      0|    0.58|  0.55|                11|             19|             20|               5|     27|            27|         1.00|
|  79|       2|      0|    0.33|  1.00|                 1|              3|              1|               0|      2|             0|         0.00|
|  80|       2|      0|    0.33|  1.00|                 1|              3|              1|               0|      2|             2|         1.00|
|  81|      27|      0|    0.67|  0.62|                 8|             12|             13|               2|     27|            26|         0.96|
|  82|      19|      0|    0.90|  0.75|                 9|             10|             12|               0|     19|            18|         0.95|
|  83|      17|      0|    0.11|  0.06|                 1|              9|             16|               4|     17|             0|         0.00|
|  84|      20|      0|    0.44|  0.40|                 4|              9|             10|               2|     20|            19|         0.95|
|  85|      35|      0|    0.11|  0.06|                 2|             19|             34|              17|     35|             3|         0.09|
|  86|      27|      0|    0.08|  0.04|                 1|             13|             24|              16|     27|             6|         0.22|
|  87|      13|      0|    0.86|  0.86|                 6|              7|              7|               0|     13|            12|         0.92|
|  88|       2|      0|    0.33|  1.00|                 1|              3|              1|               0|      2|             2|         1.00|
|  89|       3|      0|    0.75|  1.00|                 3|              4|              3|               0|      3|             2|         0.67|
|  90|       4|      0|    0.75|  0.75|                 3|              4|              4|               0|      4|             4|         1.00|
|  91|       2|      0|    0.33|  1.00|                 1|              3|              1|               0|      2|             2|         1.00|
|  92|       4|      0|    0.75|  0.75|                 3|              4|              4|               0|      4|             4|         1.00|
|  93|       5|      0|    1.00|  1.00|                 4|              4|              4|               0|      5|             4|         0.80|
|  94|      10|      0|    0.80|  0.80|                 4|              5|              5|               0|     10|            10|         1.00|
|  95|       6|      0|    0.80|  1.00|                 4|              5|              4|               0|      6|             6|         1.00|
|  96|       3|      0|    1.00|  1.00|                 3|              3|              3|               0|      3|             3|         1.00|

=================================================================================================================================================
Number of sentence:	97.00
Number of Error sentence:	0.00
Number of Skip  sentence:	0.00
Number of Valid sentence:	97.00
Bracketing Recall:	49.16
Bracketing Precision:	42.93
Bracketing FMeasure:	45.83
Complete match:	7.22
Average crossing:	3.74
No crossing:	37.11
Tagging accuracy:	82.68